(kicad_pcb (version 20171130) (host pcbnew "(5.1.9)-1")

  (general
    (thickness 1.6)
    (drawings 12)
    (tracks 0)
    (zones 0)
    (modules 2)
    (nets 5)
  )

  (page A4)
  (layers
    (0 F.Cu signal)
    (31 B.Cu signal)
    (32 B.Adhes user)
    (33 F.Adhes user)
    (34 B.Paste user)
    (35 F.Paste user)
    (36 B.SilkS user)
    (37 F.SilkS user)
    (38 B.Mask user)
    (39 F.Mask user)
    (40 Dwgs.User user hide)
    (41 Cmts.User user)
    (42 Eco1.User user)
    (43 Eco2.User user)
    (44 Edge.Cuts user)
    (45 Margin user)
    (46 B.CrtYd user)
    (47 F.CrtYd user)
    (48 B.Fab user)
    (49 F.Fab user)
  )

  (setup
    (last_trace_width 0.25)
    (trace_clearance 0.2)
    (zone_clearance 0.508)
    (zone_45_only no)
    (trace_min 0.2)
    (via_size 0.8)
    (via_drill 0.4)
    (via_min_size 0.4)
    (via_min_drill 0.3)
    (uvia_size 0.3)
    (uvia_drill 0.1)
    (uvias_allowed no)
    (uvia_min_size 0.2)
    (uvia_min_drill 0.1)
    (edge_width 0.05)
    (segment_width 0.2)
    (pcb_text_width 0.3)
    (pcb_text_size 1.5 1.5)
    (mod_edge_width 0.12)
    (mod_text_size 1 1)
    (mod_text_width 0.15)
    (pad_size 1.524 1.524)
    (pad_drill 0.762)
    (pad_to_mask_clearance 0)
    (aux_axis_origin 0 0)
    (visible_elements 7FFFFFFF)
    (pcbplotparams
      (layerselection 0x010fc_ffffffff)
      (usegerberextensions false)
      (usegerberattributes true)
      (usegerberadvancedattributes true)
      (creategerberjobfile true)
      (excludeedgelayer true)
      (linewidth 0.100000)
      (plotframeref false)
      (viasonmask false)
      (mode 1)
      (useauxorigin false)
      (hpglpennumber 1)
      (hpglpenspeed 20)
      (hpglpendiameter 15.000000)
      (psnegative false)
      (psa4output false)
      (plotreference true)
      (plotvalue true)
      (plotinvisibletext false)
      (padsonsilk false)
      (subtractmaskfromsilk false)
      (outputformat 1)
      (mirror false)
      (drillshape 1)
      (scaleselection 1)
      (outputdirectory ""))
  )

  (net 0 "")
  (net 1 "Net-(J1-Pad2+)")
  (net 2 "Net-(C1-Pad2)")
  (net 3 "Net-(J1-Pad1+)")
  (net 4 "Net-(J1-Pad1-)")

  (net_class Default "This is the default net class."
    (clearance 0.2)
    (trace_width 0.25)
    (via_dia 0.8)
    (via_drill 0.4)
    (uvia_dia 0.3)
    (uvia_drill 0.1)
    (add_net "Net-(C1-Pad2)")
    (add_net "Net-(J1-Pad1+)")
    (add_net "Net-(J1-Pad1-)")
    (add_net "Net-(J1-Pad2+)")
  )

  (module SpeakON:NL4MP-M3 (layer F.Cu) (tedit 60A12576) (tstamp 60A1853C)
    (at 37.75 55.067)
    (path /60A12A4C)
    (fp_text reference J1 (at 0 17.78) (layer Dwgs.User)
      (effects (font (size 1 1) (thickness 0.15)))
    )
    (fp_text value SpeakON_NL4 (at 0 -10.16) (layer Dwgs.User)
      (effects (font (size 1 1) (thickness 0.15)))
    )
    (fp_circle (center -9.6 -8.4) (end -7.85 -8.4) (layer F.SilkS) (width 0.12))
    (fp_circle (center -0.0492 3.727) (end 11.7508 3.727) (layer F.SilkS) (width 0.12))
    (fp_line (start 13.4 19.6) (end 13.4 -12.4) (layer F.CrtYd) (width 0.05))
    (fp_line (start -13.6 -12.4) (end 13.4 -12.4) (layer F.CrtYd) (width 0.05))
    (fp_circle (center -0.0492 3.727) (end 11.7508 3.727) (layer F.Fab) (width 0.1))
    (fp_line (start -13.6 19.6) (end 13.4 19.6) (layer F.CrtYd) (width 0.05))
    (fp_line (start -9.72 19.22) (end 9.52 19.22) (layer F.SilkS) (width 0.12))
    (fp_line (start -13.1 15.6) (end -13.1 -8.4) (layer F.Fab) (width 0.1))
    (fp_line (start 13.02 15.72) (end 13.02 -8.52) (layer F.SilkS) (width 0.12))
    (fp_line (start -13.6 19.6) (end -13.6 -12.4) (layer F.CrtYd) (width 0.05))
    (fp_line (start -9.72 -12.02) (end 9.52 -12.02) (layer F.SilkS) (width 0.12))
    (fp_line (start -9.6 -11.9) (end 9.4 -11.9) (layer F.Fab) (width 0.1))
    (fp_circle (center 9.4 15.6) (end 7.65 15.6) (layer F.Fab) (width 0.1))
    (fp_line (start -13.22 15.72) (end -13.22 -8.52) (layer F.SilkS) (width 0.12))
    (fp_circle (center 9.4 15.6) (end 11.15 15.6) (layer F.SilkS) (width 0.12))
    (fp_circle (center -9.6 -8.4) (end -7.85 -8.4) (layer F.Fab) (width 0.1))
    (fp_line (start 12.9 15.6) (end 12.9 -8.4) (layer F.Fab) (width 0.1))
    (fp_line (start -9.6 19.1) (end 9.4 19.1) (layer F.Fab) (width 0.1))
    (fp_arc (start 9.4 15.6) (end 12.9 15.6) (angle 90) (layer F.Fab) (width 0.1))
    (fp_arc (start -9.6 -8.4) (end -13.1 -8.4) (angle 90) (layer F.Fab) (width 0.1))
    (fp_arc (start 9.4 15.6) (end 13.02 15.72) (angle 90) (layer F.SilkS) (width 0.12))
    (fp_arc (start -9.6 15.6) (end -9.6 19.1) (angle 90) (layer F.Fab) (width 0.1))
    (fp_arc (start -9.6 -8.4) (end -13.22 -8.52) (angle 90) (layer F.SilkS) (width 0.12))
    (fp_arc (start 9.4 -8.4) (end 9.4 -11.9) (angle 90) (layer F.Fab) (width 0.1))
    (fp_arc (start -9.6 15.6) (end -9.72 19.22) (angle 90) (layer F.SilkS) (width 0.12))
    (fp_arc (start 9.4 -8.4) (end 9.52 -12.02) (angle 90) (layer F.SilkS) (width 0.12))
    (fp_text user J1 (at 0 3.7) (layer Dwgs.User)
      (effects (font (size 1 1) (thickness 0.15)))
    )
    (pad 2+ thru_hole roundrect (at 0 7.366 270) (size 3 6) (drill oval 1 5.5) (layers *.Cu *.Mask) (roundrect_rratio 0.25)
      (net 1 "Net-(J1-Pad2+)"))
    (pad 2- thru_hole roundrect (at 5.6642 3.683 180) (size 3 6) (drill oval 1 5.5) (layers *.Cu *.Mask) (roundrect_rratio 0.25)
      (net 2 "Net-(C1-Pad2)"))
    (pad 1+ thru_hole roundrect (at 0 0 90) (size 3 6) (drill oval 1 5.5) (layers *.Cu *.Mask) (roundrect_rratio 0.25)
      (net 3 "Net-(J1-Pad1+)"))
    (pad 1- thru_hole roundrect (at -5.6388 3.683 180) (size 3 6) (drill oval 1 5.5) (layers *.Cu *.Mask) (roundrect_rratio 0.25)
      (net 4 "Net-(J1-Pad1-)"))
  )

  (module SpeakON:NL4MP-M3 (layer F.Cu) (tedit 60A12576) (tstamp 60A183FD)
    (at 107.25 55.07)
    (path /60A1999A)
    (fp_text reference J2 (at 0 17.78) (layer Dwgs.User)
      (effects (font (size 1 1) (thickness 0.15)))
    )
    (fp_text value SpeakON_NL4 (at 0 -10.16) (layer Dwgs.User)
      (effects (font (size 1 1) (thickness 0.15)))
    )
    (fp_line (start -9.6 19.1) (end 9.4 19.1) (layer F.Fab) (width 0.1))
    (fp_line (start 12.9 15.6) (end 12.9 -8.4) (layer F.Fab) (width 0.1))
    (fp_circle (center -9.6 -8.4) (end -7.85 -8.4) (layer F.Fab) (width 0.1))
    (fp_circle (center 9.4 15.6) (end 11.15 15.6) (layer F.SilkS) (width 0.12))
    (fp_line (start -13.22 15.72) (end -13.22 -8.52) (layer F.SilkS) (width 0.12))
    (fp_circle (center 9.4 15.6) (end 7.65 15.6) (layer F.Fab) (width 0.1))
    (fp_line (start -9.6 -11.9) (end 9.4 -11.9) (layer F.Fab) (width 0.1))
    (fp_line (start -9.72 -12.02) (end 9.52 -12.02) (layer F.SilkS) (width 0.12))
    (fp_line (start -13.6 19.6) (end -13.6 -12.4) (layer F.CrtYd) (width 0.05))
    (fp_line (start 13.02 15.72) (end 13.02 -8.52) (layer F.SilkS) (width 0.12))
    (fp_line (start -13.1 15.6) (end -13.1 -8.4) (layer F.Fab) (width 0.1))
    (fp_line (start -9.72 19.22) (end 9.52 19.22) (layer F.SilkS) (width 0.12))
    (fp_line (start -13.6 19.6) (end 13.4 19.6) (layer F.CrtYd) (width 0.05))
    (fp_circle (center -0.0492 3.727) (end 11.7508 3.727) (layer F.Fab) (width 0.1))
    (fp_line (start -13.6 -12.4) (end 13.4 -12.4) (layer F.CrtYd) (width 0.05))
    (fp_line (start 13.4 19.6) (end 13.4 -12.4) (layer F.CrtYd) (width 0.05))
    (fp_circle (center -0.0492 3.727) (end 11.7508 3.727) (layer F.SilkS) (width 0.12))
    (fp_circle (center -9.6 -8.4) (end -7.85 -8.4) (layer F.SilkS) (width 0.12))
    (fp_text user J1 (at 0 3.7) (layer Dwgs.User)
      (effects (font (size 1 1) (thickness 0.15)))
    )
    (fp_arc (start 9.4 -8.4) (end 9.52 -12.02) (angle 90) (layer F.SilkS) (width 0.12))
    (fp_arc (start -9.6 15.6) (end -9.72 19.22) (angle 90) (layer F.SilkS) (width 0.12))
    (fp_arc (start 9.4 -8.4) (end 9.4 -11.9) (angle 90) (layer F.Fab) (width 0.1))
    (fp_arc (start -9.6 -8.4) (end -13.22 -8.52) (angle 90) (layer F.SilkS) (width 0.12))
    (fp_arc (start -9.6 15.6) (end -9.6 19.1) (angle 90) (layer F.Fab) (width 0.1))
    (fp_arc (start 9.4 15.6) (end 13.02 15.72) (angle 90) (layer F.SilkS) (width 0.12))
    (fp_arc (start -9.6 -8.4) (end -13.1 -8.4) (angle 90) (layer F.Fab) (width 0.1))
    (fp_arc (start 9.4 15.6) (end 12.9 15.6) (angle 90) (layer F.Fab) (width 0.1))
    (pad 1- thru_hole roundrect (at -5.6388 3.683 180) (size 3 6) (drill oval 1 5.5) (layers *.Cu *.Mask) (roundrect_rratio 0.25)
      (net 4 "Net-(J1-Pad1-)"))
    (pad 1+ thru_hole roundrect (at 0 0 90) (size 3 6) (drill oval 1 5.5) (layers *.Cu *.Mask) (roundrect_rratio 0.25)
      (net 3 "Net-(J1-Pad1+)"))
    (pad 2- thru_hole roundrect (at 5.6642 3.683 180) (size 3 6) (drill oval 1 5.5) (layers *.Cu *.Mask) (roundrect_rratio 0.25)
      (net 2 "Net-(C1-Pad2)"))
    (pad 2+ thru_hole roundrect (at 0 7.366 270) (size 3 6) (drill oval 1 5.5) (layers *.Cu *.Mask) (roundrect_rratio 0.25)
      (net 1 "Net-(J1-Pad2+)"))
  )

  (gr_line (start 118 78) (end 125 71) (layer Edge.Cuts) (width 0.05) (tstamp 60A18763))
  (gr_line (start 27 78) (end 20 71) (layer Edge.Cuts) (width 0.05) (tstamp 60A18762))
  (gr_line (start 20 27) (end 27 20) (layer Edge.Cuts) (width 0.05) (tstamp 60A1832F))
  (gr_line (start 20 27) (end 20 71) (layer Edge.Cuts) (width 0.05))
  (gr_line (start 118 78) (end 27 78) (layer Edge.Cuts) (width 0.05))
  (gr_line (start 125 27) (end 125 71) (layer Edge.Cuts) (width 0.05))
  (gr_line (start 118 20) (end 125 27) (layer Edge.Cuts) (width 0.05))
  (gr_line (start 27 20) (end 118 20) (layer Edge.Cuts) (width 0.05))
  (gr_line (start 20 58) (end 20 20) (layer Dwgs.User) (width 0.15) (tstamp 60A1831B))
  (gr_line (start 105 58) (end 20 58) (layer Dwgs.User) (width 0.15))
  (gr_line (start 105 20) (end 105 58) (layer Dwgs.User) (width 0.15))
  (gr_line (start 20 20) (end 105 20) (layer Dwgs.User) (width 0.15))

  (zone (net 1) (net_name "Net-(J1-Pad2+)") (layer F.Cu) (tstamp 60A19542) (hatch edge 0.508)
    (connect_pads yes (clearance 0.508))
    (min_thickness 0.254)
    (fill yes (arc_segments 32) (thermal_gap 0.508) (thermal_bridge_width 0.508))
    (polygon
      (pts
        (xy 124.8 60.2) (xy 124.8 71) (xy 118 77.8) (xy 27.2 77.8) (xy 20.2 70.8)
        (xy 20.2 60.2)
      )
    )
    (filled_polygon
      (pts
        (xy 29.973128 61) (xy 29.999799 61.270799) (xy 30.078789 61.531192) (xy 30.20706 61.771171) (xy 30.379685 61.981515)
        (xy 30.590029 62.15414) (xy 30.830008 62.282411) (xy 31.090401 62.361401) (xy 31.3612 62.388072) (xy 32.8612 62.388072)
        (xy 33.131999 62.361401) (xy 33.392392 62.282411) (xy 33.632371 62.15414) (xy 33.842715 61.981515) (xy 34.01534 61.771171)
        (xy 34.143611 61.531192) (xy 34.222601 61.270799) (xy 34.249272 61) (xy 34.249272 60.327) (xy 41.276128 60.327)
        (xy 41.276128 61) (xy 41.302799 61.270799) (xy 41.381789 61.531192) (xy 41.51006 61.771171) (xy 41.682685 61.981515)
        (xy 41.893029 62.15414) (xy 42.133008 62.282411) (xy 42.393401 62.361401) (xy 42.6642 62.388072) (xy 44.1642 62.388072)
        (xy 44.434999 62.361401) (xy 44.695392 62.282411) (xy 44.935371 62.15414) (xy 45.145715 61.981515) (xy 45.31834 61.771171)
        (xy 45.446611 61.531192) (xy 45.525601 61.270799) (xy 45.552272 61) (xy 45.552272 60.327) (xy 99.473128 60.327)
        (xy 99.473128 61.003) (xy 99.499799 61.273799) (xy 99.578789 61.534192) (xy 99.70706 61.774171) (xy 99.879685 61.984515)
        (xy 100.090029 62.15714) (xy 100.330008 62.285411) (xy 100.590401 62.364401) (xy 100.8612 62.391072) (xy 102.3612 62.391072)
        (xy 102.631999 62.364401) (xy 102.892392 62.285411) (xy 103.132371 62.15714) (xy 103.342715 61.984515) (xy 103.51534 61.774171)
        (xy 103.643611 61.534192) (xy 103.722601 61.273799) (xy 103.749272 61.003) (xy 103.749272 60.327) (xy 110.776128 60.327)
        (xy 110.776128 61.003) (xy 110.802799 61.273799) (xy 110.881789 61.534192) (xy 111.01006 61.774171) (xy 111.182685 61.984515)
        (xy 111.393029 62.15714) (xy 111.633008 62.285411) (xy 111.893401 62.364401) (xy 112.1642 62.391072) (xy 113.6642 62.391072)
        (xy 113.934999 62.364401) (xy 114.195392 62.285411) (xy 114.435371 62.15714) (xy 114.645715 61.984515) (xy 114.81834 61.774171)
        (xy 114.946611 61.534192) (xy 115.025601 61.273799) (xy 115.052272 61.003) (xy 115.052272 60.327) (xy 124.340001 60.327)
        (xy 124.340001 70.726618) (xy 117.72662 77.34) (xy 27.273381 77.34) (xy 20.66 70.72662) (xy 20.66 60.327)
        (xy 29.973128 60.327)
      )
    )
  )
  (zone (net 2) (net_name "Net-(C1-Pad2)") (layer B.Cu) (tstamp 0) (hatch edge 0.508)
    (connect_pads yes (clearance 0.508))
    (min_thickness 0.254)
    (fill yes (arc_segments 32) (thermal_gap 0.508) (thermal_bridge_width 0.508))
    (polygon
      (pts
        (xy 50.4 65.4) (xy 111 65.4) (xy 111 55.4) (xy 124.8 55.4) (xy 124.8 71)
        (xy 118 77.8) (xy 41.4 77.8) (xy 41.4 55.4) (xy 50.4 55.4)
      )
    )
    (filled_polygon
      (pts
        (xy 50.273 65.4) (xy 50.27544 65.424776) (xy 50.282667 65.448601) (xy 50.294403 65.470557) (xy 50.310197 65.489803)
        (xy 50.329443 65.505597) (xy 50.351399 65.517333) (xy 50.375224 65.52456) (xy 50.4 65.527) (xy 111 65.527)
        (xy 111.024776 65.52456) (xy 111.048601 65.517333) (xy 111.070557 65.505597) (xy 111.089803 65.489803) (xy 111.105597 65.470557)
        (xy 111.117333 65.448601) (xy 111.12456 65.424776) (xy 111.127 65.4) (xy 111.127 55.527) (xy 124.340001 55.527)
        (xy 124.340001 70.726618) (xy 117.72662 77.34) (xy 41.527 77.34) (xy 41.527 55.527) (xy 50.273 55.527)
      )
    )
  )
  (zone (net 3) (net_name "Net-(J1-Pad1+)") (layer F.Cu) (tstamp 0) (hatch edge 0.508)
    (connect_pads yes (clearance 0.508))
    (min_thickness 0.254)
    (fill yes (arc_segments 32) (thermal_gap 0.508) (thermal_bridge_width 0.508))
    (polygon
      (pts
        (xy 110.8 57) (xy 103.8 57) (xy 41.2 57) (xy 34.2 57) (xy 34.2 49.2)
        (xy 110.8 49.2)
      )
    )
    (filled_polygon
      (pts
        (xy 110.673 56.873) (xy 103.749272 56.873) (xy 103.749272 56.503) (xy 103.722601 56.232201) (xy 103.643611 55.971808)
        (xy 103.51534 55.731829) (xy 103.342715 55.521485) (xy 103.132371 55.34886) (xy 102.892392 55.220589) (xy 102.631999 55.141599)
        (xy 102.3612 55.114928) (xy 100.8612 55.114928) (xy 100.590401 55.141599) (xy 100.330008 55.220589) (xy 100.090029 55.34886)
        (xy 99.879685 55.521485) (xy 99.70706 55.731829) (xy 99.578789 55.971808) (xy 99.499799 56.232201) (xy 99.473128 56.503)
        (xy 99.473128 56.873) (xy 45.552272 56.873) (xy 45.552272 56.5) (xy 45.525601 56.229201) (xy 45.446611 55.968808)
        (xy 45.31834 55.728829) (xy 45.145715 55.518485) (xy 44.935371 55.34586) (xy 44.695392 55.217589) (xy 44.434999 55.138599)
        (xy 44.1642 55.111928) (xy 42.6642 55.111928) (xy 42.393401 55.138599) (xy 42.133008 55.217589) (xy 41.893029 55.34586)
        (xy 41.682685 55.518485) (xy 41.51006 55.728829) (xy 41.381789 55.968808) (xy 41.302799 56.229201) (xy 41.276128 56.5)
        (xy 41.276128 56.873) (xy 34.327 56.873) (xy 34.327 49.327) (xy 110.673 49.327)
      )
    )
  )
  (zone (net 4) (net_name "Net-(J1-Pad1-)") (layer B.Cu) (tstamp 0) (hatch edge 0.508)
    (connect_pads yes (clearance 0.508))
    (min_thickness 0.254)
    (fill yes (arc_segments 32) (thermal_gap 0.508) (thermal_bridge_width 0.508))
    (polygon
      (pts
        (xy 103.6 62.2) (xy 56.2 62.2) (xy 56.2 52.4) (xy 34 52.4) (xy 34 62.2)
        (xy 20.2 62.2) (xy 20.2 43.6) (xy 103.6 43.6)
      )
    )
    (filled_polygon
      (pts
        (xy 103.473 62.073) (xy 56.327 62.073) (xy 56.327 52.4) (xy 56.32456 52.375224) (xy 56.317333 52.351399)
        (xy 56.305597 52.329443) (xy 56.289803 52.310197) (xy 56.270557 52.294403) (xy 56.248601 52.282667) (xy 56.224776 52.27544)
        (xy 56.2 52.273) (xy 34 52.273) (xy 33.975224 52.27544) (xy 33.951399 52.282667) (xy 33.929443 52.294403)
        (xy 33.910197 52.310197) (xy 33.894403 52.329443) (xy 33.882667 52.351399) (xy 33.87544 52.375224) (xy 33.873 52.4)
        (xy 33.873 62.073) (xy 20.66 62.073) (xy 20.66 43.727) (xy 103.473 43.727)
      )
    )
  )
)
